1 7.772 3.796 3.796 3.796
1 7.772 3.796 3.796 3.796
1 7.772 3.796 3.796 3.796
2 4.056 3.796 3.796 3.0485
2 4.056 3.796 3.796 3.0485
3 5.92533333333 7.916 7.548 3.0485
4 4.44466666667 6.91 5.901 3.0485
6 3.808 8.312 4.22425620567 2.83725
8 3.23533333333 8.336 4.42458665058 2.7945
10 2.90587301587 8.012 3.97962479416 2.52191666667
13 2.55276190476 7.94 3.57491558989 2.373
17 2.28928935117 7.74 3.06497829906 2.206
23 1.93271997852 7.18 2.69209100046 1.83475
30 1.64723111949 7.028 2.31881041721 1.68125
39 1.41958204127 5.97361285095 1.87131839105 1.58048632813
51 1.21869560544 4.19798549466 1.5047264778 1.36451367187
66 1.06486620359 3.41622084744 1.29065097983 1.22929036458
86 0.893976150216 3.10061754903 1.1277536665 1.12197460937
112 0.798732805249 2.73846179491 0.932441270359 0.975018663194
146 0.745641728831 2.21672488651 0.81475356799 0.850224489796
190 0.624477907401 1.87869054461 0.699734273777 0.72373139881
247 0.55380781821 1.6208321459 0.591537739131 0.647441558442
321 0.468543334546 1.50955387742 0.521798226857 0.575138608579
417 0.426532731072 1.41752935343 0.471239426308 0.501530967139
542 0.348491113017 1.18144620274 0.413737527418 0.4509002889
705 0.310614556143 1.03582551849 0.347042576775 0.384961022051
917 0.274404350158 0.800771049749 0.312200064617 0.346687578656
1192 0.233492326523 0.586259556369 0.262792377078 0.294918323808
