1 6.248 3.796 3.796 3.796
1 6.248 3.796 3.796 3.796
1 6.248 3.796 3.796 3.796
2 3.676 3.796 3.796 2.2355
2 3.676 3.796 3.796 2.2355
3 4.47333333333 6.148 6.184 2.2355
4 2.96 6.054 4.309 2.2355
6 2.698 7.512 2.82 1.870125
8 2.43942857143 7.732 2.81281637807 1.747
10 2.18082539683 7.56 2.2579672961 1.6045
13 2.13133755134 7.728 1.89954086913 1.590875
17 1.89996978185 7.564 1.69079502635 1.4833125
23 1.7167034395 7.564 1.53274336804 1.39208854167
30 1.63074029728 7.528 1.4834321689 1.35073003472
39 1.49587924939 7.528 1.42486927025 1.34328125
51 1.39833950677 7.54 1.35902022804 1.29836827257
66 1.352808381 7.484 1.29816049056 1.27986328125
86 1.27235130502 7.492 1.24781875262 1.24952842882
112 1.23446360001 7.528 1.19553266843 1.17865625
146 1.11435694942 7.464 1.14649822254 1.14242578125
190 1.05491620732 7.464 1.11271460449 1.1108671875
247 1.00721491731 7.464 1.06939420967 1.0650106527
321 0.953956025309 7.484 1.02702278226 1.02118125766
417 0.879580562588 7.484 0.993199403074 0.989809384301
542 0.830649775828 7.492 0.966506505631 0.952746903153
705 0.790997985983 7.492 0.922245912801 0.911824128174
917 0.722708421043 7.52672339308 0.888791723662 0.88488307716
1192 0.709151168406 7.54 0.853823165422 0.853839627741
