1 5.724 3.796 3.796 3.796
1 5.724 3.796 3.796 3.796
1 5.724 3.796 3.796 3.796
2 3.74 3.796 3.796 1.796
2 3.74 3.796 3.796 1.796
3 4.26133333333 6.02 5.932 1.796
4 3.03533333333 4.97 4.057 1.796
6 2.748 7.128 2.76453869048 1.529
8 2.346 7.284 2.57478504359 1.458
10 2.08426984127 7.224 2.31886441121 1.212
13 1.67240970141 7.576 1.92360941767 1.182
17 1.49429878618 7.48013787467 1.61192287233 1.04655555556
23 1.31107972403 7.448 1.08949300073 0.887458333333
30 1.13785923513 7.4984929351 0.982001900773 0.8199375
39 0.979496186772 7.47128579015 0.83396769947 0.72703125
51 0.894850960991 7.384 0.720755626831 0.651765625
66 0.791569404838 7.36742323238 0.639881508813 0.607511827257
86 0.648772201221 7.368 0.553627229097 0.570875
112 0.598481733604 7.34917110018 0.476658033322 0.501477513228
146 0.50398376038 7.296 0.424239606275 0.455192708333
190 0.415689961961 7.228 0.373706540522 0.411381975446
247 0.405353710368 7.28 0.328124116965 0.345
321 0.330034305159 7.212 0.274746470561 0.312889423077
417 0.288871438882 7.28 0.242250863834 0.29256272708
542 0.272500150968 7.208 0.214540660814 0.262019021739
705 0.230439479652 7.28 0.188140906 0.230015625
917 0.20316518597 7.208 0.156449592402 0.196417057707
1192 0.179743667492 7.28 0.140199078671 0.17842852789
