1 5.716 3.796 3.796 3.796
1 5.716 3.796 3.796 3.796
1 5.716 3.796 3.796 3.796
2 3.768 3.796 3.796 1.763
2 3.768 3.796 3.796 1.763
3 4.07733333333 5.648 5.824 1.763
4 2.84333333333 3.993 3.949 1.763
6 2.62333333333 6.592 2.74 1.488625
8 2.15533333333 6.08988320982 2.46183318928 1.354625
10 1.9420952381 6.02459192026 2.0459672961 1.210125
13 1.57721056721 6.196 1.63173067579 1.09744444444
17 1.45036871625 6.4 1.36003423626 1.0236875
23 1.27570560159 6.752 1.13605534416 0.943828125
30 1.1763249407 6.68790771631 1.05148780774 0.874377604167
39 1.01882047972 6.672 0.930629631884 0.841840087891
51 0.884245419041 6.632 0.80658584221 0.759296630859
66 0.792487298793 6.692 0.726891631436 0.719200439453
86 0.676734337865 6.628 0.629659670947 0.657531901042
112 0.585648847893 6.672 0.562104413135 0.598840521918
146 0.554356066834 6.69474490892 0.479048100967 0.521696517944
190 0.461578403573 6.548 0.417838498064 0.461625
247 0.414994627165 6.584 0.364023906807 0.396833333333
321 0.364302702487 6.48 0.321966839959 0.350871408299
417 0.32632699027 6.652 0.293358185213 0.307098249163
542 0.294750981721 6.552 0.256179933409 0.283761977369
705 0.232756182006 6.528 0.222310461385 0.258393658687
917 0.204200171789 6.616 0.197373322925 0.224670512322
1192 0.19364719478 6.48 0.168538161108 0.207129556143
