1 4.796 3.796 3.796 3.796
1 4.796 3.796 3.796 3.796
1 4.796 3.796 3.796 3.796
2 3.796 3.796 3.796 1.182
2 3.796 3.796 3.796 1.182
3 3.12933333333 4.796 4.796 1.182
4 2.29466666667 2.921 2.921 1.182
6 1.564 5.868 2.29857142857 0.596
8 1.19876190476 5.02988320982 1.55383318928 0.574
10 0.97946031746 4.884 1.19805989087 0.297
13 0.759305805306 4.844 0.808545967741 0.287
17 0.584397021279 4.844 0.328301590538 0.148
23 0.43350954258 5.768 0.126490063141 0.074125
30 0.332883809316 5.768 0.0316958966583 0.0370625
39 0.25625456412 5.768 0.0209483753857 0.035875
51 0.196032715076 5.768 0.0141457515611 0.0185
66 0.151495455212 5.768 0.00946748413168 0.00928125
86 0.116275031133 5.768 0.00498268437837 0.0046328125
112 0.0892844300109 5.768 0.00291763270608 0.0023203125
146 0.0684928697553 5.768 0.00206491951379 0.00116015625
190 0.0526315237183 5.768 0.00108739825211 0.000578125
247 0.0404858108907 5.768 0.000428818831764 0.00029052734375
321 0.0311526059492 5.768 0.000155240676669 0.000144287109375
417 0.0239808080261 5.768 6.31644431902e-05 7.10449218757e-05
542 0.0184501841751 5.768 2.84992188696e-05 3.60717773434e-05
705 0.0141843968363 5.768 1.85139487144e-05 1.81884765627e-05
917 0.0109051254068 5.768 1.14115766077e-05 9.06372070286e-06
1192 0.00838926173875 5.768 7.27301526281e-06 4.51660156298e-06
