1 7.584 3.796 3.796 3.796
1 7.584 3.796 3.796 3.796
1 7.584 3.796 3.796 3.796
2 3.832 3.796 3.796 2.8985
2 3.832 3.796 3.796 2.8985
3 5.74933333333 7.724 7.736 2.8985
4 4.41666666667 6.678 5.973 2.8985
6 4.04933333333 8.252 3.816 2.841875
8 3.318 8.364 4.09503728251 2.6965
10 3.06150793651 8.33638113773 3.78431012678 2.58
13 2.60345299145 8.296 3.34789856123 2.41475
17 2.3363998224 8.196 2.76833388058 2.25933333333
23 2.07210193521 8.26501587302 2.32755685594 1.9458828125
30 1.79920462109 8.092 2.12341811875 1.73528710937
39 1.51467575804 8.0 1.77271469406 1.586
51 1.33678396174 7.832 1.58218771018 1.42627897135
66 1.18761278068 7.812 1.39328063666 1.34265917969
86 1.03528240677 7.22466244539 1.2121114206 1.19080013021
112 0.946357010472 6.22248363705 1.05716448628 1.09195039683
146 0.83077786486 4.31104440154 0.916530902192 0.912866495768
190 0.703061734351 3.0958116578 0.820666480898 0.875916666667
247 0.633163890574 2.05867932311 0.742558003414 0.791777832031
321 0.529597305318 1.82066927384 0.660255684551 0.713030358928
417 0.477476466049 1.40923639969 0.59536361748 0.651475961538
542 0.425050688846 1.07314641365 0.518270903542 0.587621025085
705 0.373963937289 1.17101352742 0.455150327433 0.516885910041
917 0.326152390012 1.13024257139 0.416785358662 0.445118000526
1192 0.27242426418 1.04621830883 0.361347285346 0.380549129705
